Sample	0	1	2	3	4	5	6	7	8	9	10	11	12	13	14	15	16	17	18	19	20	21	22	23	24	25	26	27	28	29	30	31	32	33	34	35	36	37	38	39	40	41	42	43	44	45	46	47	48	49	50	51	52	53	54	55	56	57	58	59	60	61	62	63	64	65	66	67	68	69	70	71	72	73
SRR16975746 - illumina_universal_adapter	(1, 1.1558622977784234e-05)	(2, 2.0805521360011622e-05)	(3, 6.010483948447802e-05)	(4, 0.00015257382330675188)	(5, 0.0001733793446667635)	(6, 0.0002126786627912299)	(7, 0.00022654901036457098)	(8, 0.0002519779809156963)	(9, 0.0003120828204001743)	(10, 0.0004265131878802383)	(12, 0.0005906456341647744)	(14, 0.0008114153330404533)	(16, 0.0010576140024672574)	(18, 0.0013015009472985048)	(20, 0.0015326734068541895)	(22, 0.0017014293023298393)	(24, 0.0018782762338899381)	(26, 0.0020435645424722528)	(28, 0.002219255611734573)	(30, 0.0023706735727435464)	(32, 0.00254405291741031)	(34, 0.002708185363694846)	(36, 0.0028411095279393646)	(38, 0.0029775012790772184)	(40, 0.003121984066299522)	(42, 0.0032583758174373756)	(44, 0.0034017027423619)	(46, 0.0035646793263486576)	(48, 0.00376117591697099)	(50, 0.00396576354367777)	(52, 0.004181909793362336)	(54, 0.004363380174113548)	(56, 0.004603799532051461)	(58, 0.004881206483518282)	(60, 0.005248770694211821)	(62, 0.005552762478527546)	(64, 0.0059688729057277784)	(66, 0.006505193011896967)	(68, 0.007077344849297286)	(70, 0.007702666352395414)	(72, 0.008472470642715843)	(74, 0.009404095654725253)	(76, 0.010519502772081432)	(78, 0.011956239608220013)	(80, 0.013559420615238685)	(82, 0.015532477557546453)	(84, 0.01796094424517892)	(86, 0.0206460123629182)	(88, 0.024080079249617893)	(90, 0.028188013855922414)	(92, 0.03288774995868948)	(94, 0.03833417310582141)	(96, 0.0449399261376251)	(98, 0.0526056048964916)	(100, 0.06158318736333662)	(102, 0.07160913693426667)	(104, 0.0827978839767618)	(106, 0.09542799130458664)	(108, 0.10948327684557227)	(110, 0.12538563033840783)	(112, 0.14257561443096853)	(114, 0.16180569547910817)	(116, 0.1827695699739154)	(118, 0.20598622008709283)	(120, 0.23156082928773825)	(122, 0.2599164431768385)	(124, 0.2906554451239579)	(126, 0.32451296355048354)	(128, 0.3606417513921437)	(130, 0.40008092885464125)	(132, 0.44320615118475426)	(134, 0.49009023770724264)	(136, 0.541617423079907)	(138, 0.5977611224698983)
SRR16975746 - polya	(1, 0.00098248295311166)	(2, 0.009448018422040834)	(3, 0.013495848188860873)	(4, 0.019552566629219812)	(5, 0.022460716170430325)	(6, 0.024645295913231544)	(7, 0.0280227255473401)	(8, 0.034329110244019176)	(9, 0.04760534459630215)	(10, 0.06461270244581387)	(12, 0.0729730544456452)	(14, 0.08612792325666144)	(16, 0.10155637320740785)	(18, 0.11379117562939245)	(20, 0.12916414418984548)	(22, 0.14814687070626054)	(24, 0.16460288223973193)	(26, 0.18246095474040858)	(28, 0.1993249856649958)	(30, 0.21350163674724815)	(32, 0.22667499935502883)	(34, 0.24002867648126297)	(36, 0.2508383006900868)	(38, 0.2618467332141285)	(40, 0.27354405966764617)	(42, 0.28495935572050585)	(44, 0.2972334574606149)	(46, 0.31014328346450215)	(48, 0.32191689682967317)	(50, 0.3328525100289548)	(52, 0.34586867536423765)	(54, 0.36104745905866387)	(56, 0.3729759579717372)	(58, 0.3837971408035388)	(60, 0.39408084766687346)	(62, 0.40458185664219043)	(64, 0.4162895858563881)	(66, 0.4278424295226834)	(68, 0.4403084044042237)	(70, 0.4545705892965117)	(72, 0.46902464733023086)	(74, 0.48131955459169995)	(76, 0.49502692558105427)	(78, 0.5077055791253858)	(80, 0.5175292527942046)	(82, 0.5274500188960369)	(84, 0.5401067110567106)	(86, 0.5529286915259666)	(88, 0.5644110275920975)	(90, 0.5771601887365935)	(92, 0.5896435015526005)	(94, 0.6062520869093786)	(96, 0.6195375681600438)	(98, 0.6311609194265038)	(100, 0.6424583175249899)	(102, 0.6541221239718721)	(104, 0.6649051633478469)	(106, 0.6759563627769065)	(108, 0.6885772232063491)	(110, 0.6984563782654613)	(112, 0.7081806477766712)	(114, 0.7181580511310945)	(116, 0.7272546874146106)	(118, 0.7375638232484965)	(120, 0.7474418224453108)	(122, 0.7561535565836668)	(124, 0.7659055667900234)	(126, 0.7765637730378382)	(128, 0.7870728730492397)	(130, 0.7984789222037171)	(132, 0.8111228998791153)	(134, 0.8222446069083393)	(136, 0.8326959138048518)	(138, 0.8425970302476218)
SRR16975747 - illumina_universal_adapter	(1, 1.1558622977784234e-05)	(2, 2.5428970551125316e-05)	(3, 6.704001327114855e-05)	(4, 0.00015257382330675188)	(5, 0.00017106762007120665)	(6, 0.0002126786627912299)	(7, 0.00022654901036457098)	(8, 0.0002519779809156963)	(9, 0.0003120828204001743)	(10, 0.0004322924993691304)	(12, 0.0006218539162047918)	(14, 0.000876143621716045)	(16, 0.0011940057536051114)	(18, 0.0015442320298319737)	(20, 0.0019106403782277338)	(22, 0.002273581139730159)	(24, 0.002737081921139307)	(26, 0.003180933043486221)	(28, 0.0036941359036998414)	(30, 0.004196936003233455)	(32, 0.00476562025374044)	(34, 0.005325057605865197)	(36, 0.005918014964625528)	(38, 0.006544492330021434)	(40, 0.007220671774221811)	(42, 0.007834434654342155)	(44, 0.008561472039644783)	(46, 0.009330120467667433)	(48, 0.010129977177730103)	(50, 0.01101190011093504)	(52, 0.011911160978606653)	(54, 0.012754940455984902)	(56, 0.013738579271394342)	(58, 0.01472915326059045)	(60, 0.015816819682799944)	(62, 0.01685709575080053)	(64, 0.01799793183870783)	(66, 0.019299432786006335)	(68, 0.020604401320198175)	(70, 0.022001838838212287)	(72, 0.02353451224506648)	(74, 0.025245188445778548)	(76, 0.02721593366349076)	(78, 0.0295438403312165)	(80, 0.03192491666464005)	(82, 0.034636569615228235)	(84, 0.03777935920288777)	(86, 0.041221517125671917)	(88, 0.04536066001401645)	(90, 0.05018407338264581)	(92, 0.05567210757249777)	(94, 0.06186984121318567)	(96, 0.0691587088629764)	(98, 0.07754911328254999)	(100, 0.08717282277385313)	(102, 0.09788997799885468)	(104, 0.10974565758716798)	(106, 0.12315712782829102)	(108, 0.13779496796735696)	(110, 0.15430530502882395)	(112, 0.17212176648678057)	(114, 0.19190088212636497)	(116, 0.2134611815668259)	(118, 0.23735285526190592)	(120, 0.263544694929565)	(122, 0.2924713047937678)	(124, 0.32342529712827395)	(126, 0.3575602225062664)	(128, 0.39418718699826905)	(130, 0.43392804452048683)	(132, 0.47731564759219547)	(134, 0.5244528679578975)	(136, 0.5764816975677975)	(138, 0.6331097032605582)
SRR16975747 - polya	(1, 0.001465633393583041)	(2, 0.005728453547789866)	(3, 0.007194086941372907)	(4, 0.010215510987765707)	(5, 0.011743560945428782)	(6, 0.013047373617322843)	(7, 0.014815842932923831)	(8, 0.020604401320198175)	(9, 0.02997150938139452)	(10, 0.03841970691585701)	(12, 0.04280042502443725)	(14, 0.05187509992429565)	(16, 0.06538481846072985)	(18, 0.0732146296658809)	(20, 0.08113922157944976)	(22, 0.08992955435405467)	(24, 0.09685201365544965)	(26, 0.10557183882989007)	(28, 0.11302946237515646)	(30, 0.1199704154733159)	(32, 0.12657154505592846)	(34, 0.13337148295375895)	(36, 0.14074819613818085)	(38, 0.14708347739230437)	(40, 0.15605181296076717)	(42, 0.16336148613191792)	(44, 0.17142131393432686)	(46, 0.1810508027371189)	(48, 0.1903786114801908)	(50, 0.19917472356628457)	(52, 0.20951160009531702)	(54, 0.225135390774388)	(56, 0.2355647362872427)	(58, 0.24479082914811007)	(60, 0.25395334958259963)	(62, 0.2621900243165687)	(64, 0.2717929282865118)	(66, 0.2822789110519577)	(68, 0.29153736805716285)	(70, 0.30357798561312066)	(72, 0.316440421262799)	(74, 0.32653341084700016)	(76, 0.34063377501759917)	(78, 0.3530789443777794)	(80, 0.36225071171065126)	(82, 0.3725355744362836)	(84, 0.3884737596603503)	(86, 0.4051713464140574)	(88, 0.41555214571040544)	(90, 0.42677441275953615)	(92, 0.43746613901398657)	(94, 0.4513596038332832)	(96, 0.4611093023150442)	(98, 0.4689541397300664)	(100, 0.4771341772114443)	(102, 0.48555810163765345)	(104, 0.49435999303523614)	(106, 0.5030069988849166)	(108, 0.5137646092903403)	(110, 0.5232392125452301)	(112, 0.5314886017644747)	(114, 0.539900967567706)	(116, 0.5496784067446137)	(118, 0.5598083839223438)	(120, 0.5683386476799486)	(122, 0.5770307321592423)	(124, 0.5876276777052749)	(126, 0.6004554374860198)	(128, 0.610924082316999)	(130, 0.6223648073404098)	(132, 0.6350168760518925)	(134, 0.6470216618766191)	(136, 0.6574105522090516)	(138, 0.6668389209720302)
SRR16975748 - illumina_universal_adapter	(1, 2.471781096495442e-05)	(2, 4.4492059736917954e-05)	(3, 0.00010628658714930401)	(4, 0.0002545934529390305)	(5, 0.00029414195048295763)	(6, 0.00034852113460585735)	(7, 0.00038065428886029806)	(8, 0.0004276181296937115)	(9, 0.0005190740302640428)	(10, 0.000682211582632742)	(12, 0.0008688310554181479)	(14, 0.001143198757129142)	(16, 0.0014212741304848791)	(18, 0.0017042930660336074)	(20, 0.001988547892130583)	(22, 0.0022246029868458975)	(24, 0.002511329594039369)	(26, 0.0027622153753336567)	(28, 0.002932768270991842)	(30, 0.0031107365099395136)	(32, 0.0032800535150494517)	(34, 0.0034580217539971233)	(36, 0.00362239519691407)	(38, 0.0038065428886029807)	(40, 0.0039857470180989)	(42, 0.004194612520752765)	(44, 0.004389883227375905)	(46, 0.00461481530715699)	(48, 0.004852106292420553)	(50, 0.0050560282328814266)	(52, 0.005292083327596741)	(54, 0.005608471307948159)	(56, 0.005955756552005767)	(58, 0.006298098233870387)	(60, 0.006698526771502648)	(62, 0.007123673120099864)	(64, 0.007636567697622668)	(66, 0.008252041190650034)	(68, 0.009022001002208364)	(70, 0.009895775619819502)	(72, 0.010940103133088826)	(74, 0.012230372865459447)	(76, 0.013777707831865594)	(78, 0.015590759266145001)	(80, 0.0178981669197235)	(82, 0.020570162285035068)	(84, 0.023505402337123407)	(86, 0.02712408986239273)	(88, 0.03137802512946139)	(90, 0.03651191446688242)	(92, 0.04256159870055502)	(94, 0.04948134988019401)	(96, 0.05730330116005383)	(98, 0.06622519502785414)	(100, 0.07632118491648976)	(102, 0.08764565001008363)	(104, 0.10041734293567559)	(106, 0.11447065435980042)	(108, 0.1301417465115815)	(110, 0.1471661388136939)	(112, 0.16572427128618167)	(114, 0.18617825985968145)	(116, 0.2086541653701145)	(118, 0.23353634977798585)	(120, 0.26044045112279046)	(122, 0.28966926258884906)	(124, 0.3215317568132236)	(126, 0.35627511190556355)	(128, 0.3937337185324037)	(130, 0.435458619331795)	(132, 0.4802336980042617)	(134, 0.5294962952574158)	(136, 0.5826828450012566)	(138, 0.6402395037237012)
SRR16975748 - polya	(1, 0.0009022001002208363)	(2, 0.010134302495631312)	(3, 0.014556318877261658)	(4, 0.021099123439685095)	(5, 0.024033127601225182)	(6, 0.02620829496614117)	(7, 0.029621824660401377)	(8, 0.036211593063658225)	(9, 0.04998930089552382)	(10, 0.06782072972564193)	(12, 0.07686497675771876)	(14, 0.09047460347502266)	(16, 0.10639287373645331)	(18, 0.11990980866263865)	(20, 0.1360802005959118)	(22, 0.15603612527846777)	(24, 0.1731630964960847)	(26, 0.19209941147633627)	(28, 0.20965400082364688)	(30, 0.225040838149331)	(32, 0.23919920027005692)	(34, 0.25280882698736085)	(36, 0.26390712411062534)	(38, 0.2756592073339129)	(40, 0.2880700202194165)	(42, 0.29980603686557694)	(44, 0.3126704215822874)	(46, 0.3265049803793724)	(48, 0.33932734481744253)	(50, 0.3508557318514973)	(52, 0.36437019499658607)	(54, 0.38021678360621836)	(56, 0.39325048532803886)	(58, 0.404691124133168)	(60, 0.41547674094772585)	(62, 0.42645268490671384)	(64, 0.4386509246179189)	(66, 0.450804672269387)	(68, 0.4640633060709885)	(70, 0.4792066729586678)	(72, 0.4941658921546583)	(74, 0.5069091595976405)	(76, 0.5213641354499459)	(78, 0.5343706475797049)	(80, 0.5446693235182531)	(82, 0.5550668707006612)	(84, 0.56822168969621)	(86, 0.5818671572394131)	(88, 0.593276898780836)	(90, 0.6066937265726132)	(92, 0.6195717060853545)	(94, 0.6373981913532796)	(96, 0.6515466663496196)	(98, 0.6640032071854083)	(100, 0.6756786651947045)	(102, 0.6876841059803829)	(104, 0.6988886896907966)	(106, 0.7106667266155975)	(108, 0.7234248247451587)	(110, 0.7332686929619519)	(112, 0.7435142256069255)	(114, 0.7539933415655178)	(116, 0.7638730506082101)	(118, 0.7744609249350484)	(120, 0.7847596008735966)	(122, 0.7938780013385683)	(124, 0.8039455657445943)	(126, 0.815204528639131)	(128, 0.8258492539311886)	(130, 0.8378991867766039)	(132, 0.850986031791999)	(134, 0.8629766418910985)	(136, 0.8741342617606789)	(138, 0.8842772154901479)
SRR16975749 - illumina_universal_adapter	(1, 2.2246029868458977e-05)	(2, 4.202027864042252e-05)	(3, 0.00010381480605280857)	(4, 0.000234819204167067)	(5, 0.0002718959206144986)	(6, 0.0003238033236409029)	(7, 0.00035099291570235276)	(8, 0.0004004285376322616)	(9, 0.0004869408760096021)	(10, 0.0006488425378300534)	(12, 0.0008564721499356707)	(14, 0.0011543217720633714)	(16, 0.0014781250957042742)	(18, 0.0018451845885338475)	(20, 0.0022307824395871364)	(22, 0.0025990778229649575)	(24, 0.0031428696641939546)	(26, 0.003624866978010566)	(28, 0.004088325933603461)	(30, 0.004667958600731642)	(32, 0.005257478392245805)	(34, 0.005912500382817097)	(36, 0.006552691686809417)	(38, 0.007226252035604425)	(40, 0.007950483896877589)	(42, 0.008711792474598187)	(44, 0.00950152653492848)	(46, 0.010432152117759013)	(48, 0.011360305919493052)	(50, 0.012222957522169961)	(52, 0.013111562826360073)	(54, 0.0140730856728968)	(56, 0.015123592638907363)	(58, 0.01611106918695729)	(60, 0.01718505807338456)	(62, 0.018373984780798866)	(64, 0.019608639438498342)	(66, 0.02098294972814981)	(68, 0.022473433729336557)	(70, 0.023987399650940017)	(72, 0.02572135409013157)	(74, 0.02770619431061741)	(76, 0.029943156202945784)	(78, 0.03249156251343258)	(80, 0.03558005299350364)	(82, 0.038909542130483005)	(84, 0.0425171066408181)	(86, 0.04681059040543068)	(88, 0.051675055603333714)	(90, 0.057514638443804195)	(92, 0.06415878603118394)	(94, 0.0717409745446837)	(96, 0.08013637903893048)	(98, 0.08966633105646865)	(100, 0.10029498977139906)	(102, 0.11231402535310814)	(104, 0.12569501231898622)	(106, 0.1403291923007875)	(108, 0.156591040134631)	(110, 0.17418270619838905)	(112, 0.19321542064140396)	(114, 0.21407725309582548)	(116, 0.23694987947224605)	(118, 0.26229057927351734)	(120, 0.2895011814742874)	(122, 0.31885605377626725)	(124, 0.350754388826541)	(126, 0.3855274052920389)	(128, 0.4230416269935502)	(130, 0.464783830260617)	(132, 0.5094501505648379)	(134, 0.5585187130019171)	(136, 0.6114346027156915)	(138, 0.6684956693282887)
SRR16975749 - polya	(1, 0.0014805968768007698)	(2, 0.0060360894376418695)	(3, 0.007546347687600584)	(4, 0.010492710754623151)	(5, 0.012141388745985611)	(6, 0.013488509443575627)	(7, 0.015166848808096033)	(8, 0.020955760136088356)	(9, 0.030098878412024997)	(10, 0.03888482431951805)	(12, 0.0434366092087144)	(14, 0.05276387517633995)	(16, 0.06622272324675763)	(18, 0.07421893509392039)	(20, 0.08222626995601737)	(22, 0.09118524054026511)	(24, 0.0982322884463736)	(26, 0.10693790146823055)	(28, 0.11443234175280473)	(30, 0.12155972254454933)	(32, 0.12843127399280668)	(34, 0.1352126054310419)	(36, 0.14267491256136167)	(38, 0.1494537722185004)	(40, 0.15800737070292287)	(42, 0.1650235213453252)	(44, 0.17325702417775152)	(46, 0.18329863488226422)	(48, 0.1924602915164246)	(50, 0.2013871289464179)	(52, 0.21195399313393593)	(54, 0.22733465100687877)	(56, 0.23767905489571223)	(58, 0.24713979704254851)	(60, 0.25614820324872617)	(62, 0.26431373210099884)	(64, 0.27433433266619134)	(66, 0.2854301580083594)	(68, 0.29557063995673194)	(70, 0.3080778523049989)	(72, 0.32134266555934166)	(74, 0.33169077711981987)	(76, 0.34584666745944925)	(78, 0.3584033154296461)	(80, 0.3677491197554954)	(82, 0.37807127761446035)	(84, 0.3945209808116375)	(86, 0.41145515310372777)	(88, 0.42173405479350407)	(90, 0.4329979612502338)	(92, 0.4433102319848128)	(94, 0.4572683798367225)	(96, 0.4674249283622223)	(98, 0.47550023720447293)	(100, 0.48379306278321516)	(102, 0.4925184500538441)	(104, 0.5015009025585084)	(106, 0.5101397774907601)	(108, 0.5209488762257346)	(110, 0.5306876937459266)	(112, 0.5391745541407438)	(114, 0.5477615216699689)	(116, 0.5577685274391307)	(118, 0.5681277620145431)	(120, 0.5771831320615541)	(122, 0.5859666061879507)	(124, 0.5974047732119834)	(126, 0.6109488977302302)	(128, 0.6219124827837357)	(130, 0.6341885835994803)	(132, 0.6477598977097885)	(134, 0.6594229968136023)	(136, 0.6696734730207689)	(138, 0.6790983743417061)
SRR16975750 - illumina_universal_adapter	(1, 2.0654395507806673e-05)	(2, 2.5244261176208157e-05)	(3, 5.2783455186617056e-05)	(4, 0.00017900476106765784)	(5, 0.00021113382074646822)	(6, 0.0002501476789278808)	(7, 0.00027309700726988823)	(8, 0.0003144057982855016)	(9, 0.0003603044549695164)	(10, 0.00046242896609144943)	(12, 0.0006288115965710032)	(14, 0.000878959275498884)	(16, 0.0011417290850148688)	(18, 0.0013999090288624523)	(20, 0.0016580889727100356)	(22, 0.0018646329277881024)	(24, 0.002057407285860965)	(26, 0.0022214949835063177)	(28, 0.00238214028190037)	(30, 0.0025599975765509273)	(32, 0.002720642874944979)	(34, 0.0028950577703442354)	(36, 0.003045375870984384)	(38, 0.0032243806320520416)	(40, 0.0035135421691613353)	(42, 0.0038256530346126357)	(44, 0.0044624968961033415)	(46, 0.006518756715547206)	(48, 0.006891683301104827)	(50, 0.007404600789548693)	(52, 0.007901453748153153)	(54, 0.008252578471785866)	(56, 0.008622062658092185)	(58, 0.0089720399153078)	(60, 0.009475777672414861)	(62, 0.010165404989092184)	(64, 0.011307134074107054)	(66, 0.012464927688961326)	(68, 0.013855656986486976)	(70, 0.01525671348176653)	(72, 0.016694488902393292)	(74, 0.01822176670355389)	(76, 0.020139183086528605)	(78, 0.02206692666725723)	(80, 0.024377924031297377)	(82, 0.02704922585030704)	(84, 0.03026786915027358)	(86, 0.03412679871098213)	(88, 0.038644373995106285)	(90, 0.04412008373750925)	(92, 0.050052485113918174)	(94, 0.05708645425074344)	(96, 0.06521854874873377)	(98, 0.07447171793623117)	(100, 0.08480121062296869)	(102, 0.09652946487215158)	(104, 0.10979991398591737)	(106, 0.12453682518073743)	(108, 0.14140343404569578)	(110, 0.1600841873160898)	(112, 0.1807626796186556)	(114, 0.2033930122967091)	(116, 0.2281404205143128)	(118, 0.25635891464364513)	(120, 0.28742312548738636)	(122, 0.3213238733141997)	(124, 0.35853620922076473)	(126, 0.39924372783381745)	(128, 0.44274991703817806)	(130, 0.49142658991799293)	(132, 0.5448503313653519)	(134, 0.602674606522291)	(136, 0.6655821579069845)	(138, 0.7338782115863816)
SRR16975750 - polya	(1, 0.0009156782008460958)	(2, 0.008984662045895903)	(3, 0.013425357080074337)	(4, 0.01956659734439552)	(5, 0.022768028648105555)	(6, 0.02529245476572637)	(7, 0.028964347300447557)	(8, 0.035665551176313724)	(9, 0.048241783107733784)	(10, 0.06427074148820885)	(12, 0.07313491956030924)	(14, 0.08554821126050104)	(16, 0.10061674024986311)	(18, 0.11291528530834488)	(20, 0.12776005834637238)	(22, 0.14591527199773444)	(24, 0.16314103785124523)	(26, 0.1816072149016415)	(28, 0.19911525749375894)	(30, 0.21328417281211431)	(32, 0.22710196340683697)	(34, 0.2405020762257351)	(36, 0.2520169017213373)	(38, 0.26345828936624516)	(40, 0.2754619355555321)	(42, 0.28687922640568075)	(44, 0.2992913706394555)	(46, 0.3120821787908733)	(48, 0.3236486402752451)	(50, 0.33441646513331497)	(52, 0.3476742921164926)	(54, 0.3624811987627558)	(56, 0.3748887531308621)	(58, 0.3862567029250755)	(60, 0.3973022146560837)	(62, 0.4081962608200346)	(64, 0.4205648013299595)	(66, 0.4326671296311171)	(68, 0.44554744016306874)	(70, 0.46027402416013485)	(72, 0.4751153547989111)	(74, 0.48756995529011854)	(76, 0.5019098431046218)	(78, 0.5152502876698308)	(80, 0.5251861993755029)	(82, 0.5353412771668411)	(84, 0.5487723715790009)	(86, 0.5621816641292359)	(88, 0.5735725632517913)	(90, 0.5863610764703749)	(92, 0.5991036910322745)	(94, 0.6164407611282441)	(96, 0.6305190265996485)	(98, 0.6427292167440135)	(100, 0.6542279777097764)	(102, 0.6662327713654805)	(104, 0.6774056518687868)	(106, 0.6886852467488834)	(108, 0.7012821330758112)	(110, 0.711419998870893)	(112, 0.7216370398487548)	(114, 0.731619997677528)	(116, 0.7409397199172172)	(118, 0.7511670880928328)	(120, 0.7618477055032031)	(122, 0.7708277776834305)	(124, 0.7803976476020476)	(126, 0.7915992147657814)	(128, 0.802100827415084)	(130, 0.8141916810520706)	(132, 0.8267793876476617)	(134, 0.8389104026092469)	(136, 0.8501440988326594)	(138, 0.8600926326689197)
SRR16975751 - illumina_universal_adapter	(1, 1.835946267360593e-05)	(2, 2.5244261176208157e-05)	(3, 5.0488522352416314e-05)	(4, 0.00018588955957026006)	(5, 0.0002157236864148697)	(6, 0.0002547375445962823)	(7, 0.0002776868729382897)	(8, 0.0003144057982855016)	(9, 0.0003603044549695164)	(10, 0.00046931376459405166)	(12, 0.0006368438614907058)	(14, 0.0009202680665144974)	(16, 0.0012381162640513)	(18, 0.0015766188570959096)	(20, 0.0019541353083219314)	(22, 0.0022949328342007414)	(24, 0.0027837535278854996)	(26, 0.003271426755153157)	(28, 0.003764837314506316)	(30, 0.004438400101344234)	(32, 0.005128027418021557)	(34, 0.0057763459436832665)	(36, 0.006395977808917467)	(38, 0.007111996853188098)	(40, 0.008019642789114491)	(42, 0.008922698859372483)	(44, 0.010421290000105566)	(46, 0.013405850150983632)	(48, 0.014482173650223779)	(50, 0.01572258484710928)	(52, 0.01695381631265798)	(54, 0.01803587714398363)	(56, 0.019105315844721173)	(58, 0.02022180066855983)	(60, 0.021431230272183625)	(62, 0.02287589049131299)	(64, 0.024836910598137522)	(66, 0.02683694456314347)	(68, 0.02899991875937767)	(70, 0.03118698975037098)	(72, 0.03337176580853009)	(74, 0.035665551176313724)	(76, 0.038332263129654986)	(78, 0.04094504416139253)	(80, 0.043993862431628214)	(82, 0.047372003563571706)	(84, 0.05130781337422598)	(86, 0.05585292785236054)	(88, 0.06107390005016723)	(90, 0.06729316803085124)	(92, 0.07384979113816276)	(94, 0.08159863185284155)	(96, 0.0903629803466542)	(98, 0.10024381366430549)	(100, 0.1110632745111449)	(102, 0.12332624811069655)	(104, 0.13718649496285193)	(106, 0.15250746656397607)	(108, 0.16981011266743257)	(110, 0.18897739169867717)	(112, 0.21003799031813736)	(114, 0.233012562921321)	(116, 0.2581088009297232)	(118, 0.28671743364086966)	(120, 0.3181614558686711)	(122, 0.3523972638892777)	(124, 0.3899389226575506)	(126, 0.4308988838823654)	(128, 0.47453817919110963)	(130, 0.5233215664477148)	(132, 0.576793501484592)	(134, 0.6343859884252767)	(136, 0.6971960051645169)	(138, 0.7652683028925793)
SRR16975751 - polya	(1, 0.001624812446614125)	(2, 0.006001249361434939)	(3, 0.007593932748370253)	(4, 0.010637013686520437)	(5, 0.01235132851366839)	(6, 0.01377189193803865)	(7, 0.015653736862083257)	(8, 0.021221243917854255)	(9, 0.03017377690407135)	(10, 0.03864781639435759)	(12, 0.043314562312704794)	(14, 0.052516095511432666)	(16, 0.06571425424092113)	(18, 0.07353194294062596)	(20, 0.08178222647957763)	(22, 0.09053051044355084)	(24, 0.09762529530048245)	(26, 0.10654914162627202)	(28, 0.11428650767677982)	(30, 0.12163258767905641)	(32, 0.1284382109988787)	(34, 0.135312682303727)	(36, 0.14272646282461252)	(38, 0.14910867103652478)	(40, 0.1578925264594281)	(42, 0.16506648649913963)	(44, 0.17325251191873367)	(46, 0.1831769489602348)	(48, 0.19215357874121097)	(50, 0.20083645711940948)	(52, 0.21088941039962583)	(54, 0.22587991167262506)	(56, 0.2364802064337983)	(58, 0.24609826994193362)	(60, 0.2553594713943507)	(62, 0.26366368585490607)	(64, 0.27348714585170236)	(66, 0.28499508654880196)	(68, 0.2956309527689053)	(70, 0.3088382912297306)	(72, 0.32246560239921457)	(74, 0.33295115051867774)	(76, 0.3476972414448346)	(78, 0.360711805547587)	(80, 0.36999366139551193)	(82, 0.38028987755615357)	(84, 0.39630965620529185)	(86, 0.4129295597905736)	(88, 0.4230559509214844)	(90, 0.4343780020590137)	(92, 0.4451068130589022)	(94, 0.4599171621044167)	(96, 0.4704635259439862)	(98, 0.47881478652764264)	(100, 0.48707195486509697)	(102, 0.49546222930693484)	(104, 0.5045708177258776)	(106, 0.5128279860633318)	(108, 0.5227386535078278)	(110, 0.5320526384154315)	(112, 0.5402386638350256)	(114, 0.5490397312541854)	(116, 0.5587484446092716)	(118, 0.5688530338782575)	(120, 0.5777826175361326)	(122, 0.5866456481418159)	(124, 0.5976487036153912)	(126, 0.6108847287366441)	(128, 0.6222905449226217)	(130, 0.6345925323803547)	(132, 0.6482634472736886)	(134, 0.6605275683396574)	(136, 0.6713745683805072)	(138, 0.6814699779181563)
SRR16975752 - illumina_universal_adapter	(1, 1.981043101406179e-05)	(2, 4.457346978163903e-05)	(3, 0.00012629149771464391)	(4, 0.00026744081868983416)	(5, 0.0003045853768412)	(6, 0.0003541114543763545)	(7, 0.00038877970865096263)	(8, 0.0004407820900628748)	(9, 0.0004977370792283025)	(10, 0.0006215522730661886)	(12, 0.0008122276715765334)	(14, 0.0010970026174036717)	(16, 0.0013607289802783692)	(18, 0.0016702669648730848)	(20, 0.0019216118083639935)	(22, 0.0022212445774516783)	(24, 0.002483732788387997)	(26, 0.0027127908969880868)	(28, 0.0030272814893363177)	(30, 0.003262530357628301)	(32, 0.003562163126715986)	(34, 0.0038407473128512296)	(36, 0.00411314073929458)	(38, 0.004363247430847109)	(40, 0.004594781843323957)	(42, 0.00481888734417053)	(44, 0.005092518922552259)	(46, 0.005498632758340526)	(48, 0.005757406513461708)	(50, 0.006053324826734256)	(52, 0.006403721825295474)	(54, 0.006793739685884815)	(56, 0.007187472002289293)	(58, 0.007711210272223552)	(60, 0.008238662997972946)	(62, 0.00864849128957635)	(64, 0.009140037609112759)	(66, 0.009620440561203758)	(68, 0.01033485422964836)	(70, 0.011022028555448628)	(72, 0.011813207644072721)	(74, 0.012678675848999545)	(76, 0.013598622739215041)	(78, 0.014620098088377602)	(80, 0.015843392203495916)	(82, 0.01731803116210514)	(84, 0.0189486772649501)	(86, 0.020981722747768196)	(88, 0.023493933030738906)	(90, 0.02615472154631508)	(92, 0.029294674862043873)	(94, 0.03304132262757831)	(96, 0.03739466484291839)	(98, 0.042228410010349465)	(100, 0.04909520066059864)	(102, 0.05848163050544879)	(104, 0.06572481934496513)	(106, 0.07330973811947403)	(108, 0.08200404103077041)	(110, 0.09151552422139682)	(112, 0.10220944251317504)	(114, 0.11438419052325441)	(116, 0.1275346022607763)	(118, 0.14197393016615056)	(120, 0.1581801008875915)	(122, 0.17535203012096795)	(124, 0.19504359854894537)	(126, 0.2156650190826453)	(128, 0.2376310726214247)	(130, 0.2625612619006831)	(132, 0.28940439592473677)	(134, 0.31833629226883564)	(136, 0.3492739947531083)	(138, 0.3831064964693107)
SRR16975752 - polya	(1, 0.0008221328870835643)	(2, 0.009357952350267438)	(3, 0.013421567012026863)	(4, 0.019770810152033667)	(5, 0.02285876108635055)	(6, 0.02517658151499578)	(7, 0.028606262384305227)	(8, 0.03533438001745596)	(9, 0.04855784271934221)	(10, 0.06529394247040929)	(12, 0.07365270620640499)	(14, 0.08641062377946077)	(16, 0.10264403384354603)	(18, 0.11523727720879744)	(20, 0.1300121442894724)	(22, 0.14922083346148207)	(24, 0.16610922590096971)	(26, 0.18499351926512414)	(28, 0.2027783337079981)	(30, 0.2169886035047723)	(32, 0.23032473803305104)	(34, 0.2434243855410994)	(36, 0.2542780254329285)	(38, 0.2655699711109437)	(40, 0.27789329735362855)	(42, 0.28905399892617556)	(44, 0.30126217703859115)	(46, 0.314131528286101)	(48, 0.32608836155502574)	(50, 0.3370893415275219)	(52, 0.3503685210666352)	(54, 0.36613638600189)	(56, 0.37893268628503557)	(58, 0.3902976829274151)	(60, 0.40070434996948945)	(62, 0.41153694127836615)	(64, 0.42350863237055136)	(66, 0.4352896480642262)	(68, 0.44799061064811657)	(70, 0.4631753060203949)	(72, 0.4784615298516204)	(74, 0.49129373654097885)	(76, 0.5055163878571369)	(78, 0.5190642463668784)	(80, 0.5295773944756532)	(82, 0.5398070057905394)	(84, 0.5536582115251838)	(86, 0.5670116801805998)	(88, 0.5789672752975861)	(90, 0.5919938718412701)	(92, 0.6045623521677539)	(94, 0.6218036179096795)	(96, 0.6362949481964658)	(98, 0.6484486476235927)	(100, 0.6603150958010158)	(102, 0.6724675570762042)	(104, 0.683437583250241)	(106, 0.694823628475573)	(108, 0.7074453493354071)	(110, 0.7180278339527313)	(112, 0.7282314440769114)	(114, 0.738282761512671)	(116, 0.7477843394877903)	(118, 0.7586218834044205)	(120, 0.7690013111038506)	(122, 0.7780336294943244)	(124, 0.7879400831532937)	(126, 0.7998461521927448)	(128, 0.8108508466210562)	(130, 0.8230181657195053)	(132, 0.8361970549516098)	(134, 0.8488683018889791)	(136, 0.8604871196787263)	(138, 0.8710522701689132)
SRR16975753 - illumina_universal_adapter	(1, 1.981043101406179e-05)	(2, 4.2097165904881305e-05)	(3, 0.00012133888996112847)	(4, 0.0002624882109363187)	(5, 0.0002996327690876846)	(6, 0.0003466825427460813)	(7, 0.0003739218853904163)	(8, 0.0004259242668023285)	(9, 0.00048287925596775613)	(10, 0.0006091707536824)	(12, 0.0008134658235149123)	(14, 0.0011143367445409758)	(16, 0.0014251128810740701)	(18, 0.0017977966145261075)	(20, 0.002118477966566233)	(22, 0.0025444022333685613)	(24, 0.0029926132350617096)	(26, 0.0034668254274608135)	(28, 0.00406856726951294)	(30, 0.004743360075929419)	(32, 0.005483774935079979)	(34, 0.00619075969189431)	(36, 0.0069026970564621554)	(38, 0.007618348876845137)	(40, 0.008340191456920014)	(42, 0.009097940443207877)	(44, 0.009988171686902279)	(46, 0.011034410074832418)	(48, 0.011912259799143031)	(50, 0.012759155724994172)	(52, 0.013665482943887499)	(54, 0.014688196444988439)	(56, 0.01566757462824612)	(58, 0.01683019929838387)	(60, 0.017947012346801607)	(62, 0.018993250734731744)	(64, 0.02020292517852789)	(66, 0.021412599622324037)	(68, 0.02280675870493864)	(70, 0.02425044386508839)	(72, 0.0257374643430814)	(74, 0.027312393608699317)	(76, 0.028843987556473966)	(78, 0.030599687005095196)	(80, 0.03252748957315108)	(82, 0.03460882298156595)	(84, 0.03688206994042954)	(86, 0.03956638334283491)	(88, 0.04275710088803724)	(90, 0.04604687058830988)	(92, 0.04982942476005729)	(94, 0.05419638664671954)	(96, 0.0591836626545096)	(98, 0.06458943401747172)	(100, 0.07205672835783462)	(102, 0.08202508961372285)	(104, 0.08977963520378965)	(106, 0.09791553159087715)	(108, 0.10707042702325047)	(110, 0.11714774564971603)	(112, 0.12833444841296904)	(114, 0.14090540504332963)	(116, 0.1545486012523263)	(118, 0.16934204061207694)	(120, 0.18578222204987146)	(122, 0.20325997481202748)	(124, 0.2232734627439834)	(126, 0.2441313702979137)	(128, 0.2663017189065256)	(130, 0.2914622044463225)	(132, 0.3184749652859341)	(134, 0.34746753107501355)	(136, 0.378437425509684)	(138, 0.41220554332509074)
SRR16975753 - polya	(1, 0.0017284601059768911)	(2, 0.006443342687323598)	(3, 0.008156944970039942)	(4, 0.011012123339941598)	(5, 0.012661341721862241)	(6, 0.014127313616902814)	(7, 0.016135596060953328)	(8, 0.02199948364111562)	(9, 0.031164284288995956)	(10, 0.04002449956003509)	(12, 0.044800051586362355)	(14, 0.054608691242199706)	(16, 0.068930394713428)	(18, 0.07691276026015653)	(20, 0.08511180239610135)	(22, 0.0941057380764854)	(24, 0.10137121365089255)	(26, 0.11069449774688539)	(28, 0.11848618789510357)	(30, 0.1254495543965463)	(32, 0.1322445322343695)	(34, 0.13944686205991932)	(36, 0.14673338621727894)	(38, 0.15327454290773446)	(40, 0.1625210615835478)	(42, 0.1700651213440902)	(44, 0.17910982125394778)	(46, 0.18995850853802337)	(48, 0.19943779977825193)	(50, 0.208922043626234)	(52, 0.21997874043595728)	(54, 0.2368931340661509)	(56, 0.2480686934619585)	(58, 0.2576978010867309)	(60, 0.26712880440136266)	(62, 0.27596797108944937)	(64, 0.28632387390205016)	(66, 0.29782259095377467)	(68, 0.30833821536642636)	(70, 0.32221170783596154)	(72, 0.3368119954933251)	(74, 0.3475727739897757)	(76, 0.36300633790166825)	(78, 0.37657029238660866)	(80, 0.3860223442841929)	(82, 0.39654787391235163)	(84, 0.413357024627783)	(86, 0.4309202098736872)	(88, 0.44139497527237237)	(90, 0.45307322435516184)	(92, 0.46398134293227955)	(94, 0.4786843972005286)	(96, 0.4895838487140777)	(98, 0.4978930863725382)	(100, 0.5064635740899968)	(102, 0.5150662537578531)	(104, 0.5241889572398285)	(106, 0.5328052565790069)	(108, 0.5436106085452392)	(110, 0.5535158240522702)	(112, 0.5619104941944788)	(114, 0.5708982391151711)	(116, 0.5813011917014302)	(118, 0.5916249025636332)	(120, 0.6005618832548518)	(122, 0.6091558958591395)	(124, 0.6201766862626498)	(126, 0.6338025483445091)	(128, 0.6454275568939483)	(130, 0.65807404079255)	(132, 0.6717853353581575)	(134, 0.6840987563853352)	(136, 0.6949127754151363)	(138, 0.7048823748229629)
SRR16975754 - illumina_universal_adapter	(1, 3.480355776707826e-05)	(2, 5.322897070259027e-05)	(3, 0.00011874155002885522)	(4, 0.000260003049201114)	(5, 0.00030299567938397537)	(6, 0.0003521301138786741)	(7, 0.0003889809397496981)	(8, 0.0004626825914917462)	(9, 0.0005814241415206014)	(10, 0.0007687491730316402)	(12, 0.0010062322730893507)	(14, 0.0012713534925503293)	(16, 0.0015354510779593347)	(18, 0.0018538012681229036)	(20, 0.002186482335014093)	(22, 0.0025375888148407937)	(24, 0.002840584494224769)	(26, 0.003115942054205477)	(28, 0.003403583222809859)	(30, 0.003641066322867569)	(32, 0.003940991100095626)	(34, 0.00417642693204939)	(36, 0.004406744593743291)	(38, 0.004616589574397733)	(40, 0.004823363652896257)	(42, 0.005039350437862537)	(44, 0.005305495291375488)	(46, 0.005674003550085728)	(48, 0.005923770258767114)	(50, 0.006234955010566872)	(52, 0.006634172290836298)	(54, 0.007026224132741916)	(56, 0.007352763395321267)	(58, 0.007826705961384715)	(60, 0.008348759327890889)	(62, 0.008853410915513523)	(64, 0.009436882325138072)	(66, 0.010021377368814591)	(68, 0.010729732132779831)	(70, 0.011546592106254198)	(72, 0.012550777111239602)	(74, 0.013720790832644617)	(76, 0.014969624376051541)	(78, 0.016442633776840528)	(80, 0.01816029171605104)	(82, 0.02038157760883221)	(84, 0.023047120680169612)	(86, 0.02622243350938952)	(88, 0.029964839603402404)	(90, 0.034509774794162035)	(92, 0.0400199968959321)	(94, 0.04650574224923233)	(96, 0.05440410259425515)	(98, 0.06371200702884464)	(100, 0.0758676613960227)	(102, 0.09104098894841685)	(104, 0.10555407253728849)	(106, 0.12182268852529363)	(108, 0.1400300674077354)	(110, 0.1605078666174531)	(112, 0.1836112871704812)	(114, 0.20990742233161275)	(116, 0.23933894859393728)	(118, 0.2722170507092545)	(120, 0.30837999449735276)	(122, 0.348057073985874)	(124, 0.39239578294707966)	(126, 0.4408699734782559)	(128, 0.4935697253759762)	(130, 0.5516752887021653)	(132, 0.6141108240681997)	(134, 0.6825469022468993)	(136, 0.7573847877866372)	(138, 0.8388793655663549)
SRR16975754 - polya	(1, 0.0012815898330700581)	(2, 0.010217915106793386)	(3, 0.01467891230529124)	(4, 0.021275210136204543)	(5, 0.024454617501632338)	(6, 0.0267782667996108)	(7, 0.030186968192680522)	(8, 0.03705145814521072)	(9, 0.05111414275121428)	(10, 0.06839410918256864)	(12, 0.07795485122799542)	(14, 0.09202572490641477)	(16, 0.10844993327031979)	(18, 0.12175103414165551)	(20, 0.138119966266754)	(22, 0.15893863561577865)	(24, 0.17764554791558318)	(26, 0.19681104827067158)	(28, 0.21495905637809898)	(30, 0.2303821506391745)	(32, 0.24448373333915302)	(34, 0.2582700367511239)	(36, 0.27004592288502005)	(38, 0.2824011858923328)	(40, 0.29555181255802854)	(42, 0.3080636915752931)	(44, 0.3219840910480725)	(46, 0.3364971746369442)	(48, 0.3490070063861048)	(50, 0.36134691488263804)	(52, 0.37681811994415626)	(54, 0.3931307521963962)	(56, 0.4061923226995703)	(58, 0.4179415943481152)	(60, 0.4289395186025119)	(62, 0.4400817752582368)	(64, 0.45311980217821546)	(66, 0.4659909767477226)	(68, 0.479342235687605)	(70, 0.4941880003433678)	(72, 0.5099099957476194)	(74, 0.5231476313077328)	(76, 0.5382953680088276)	(78, 0.5520079697690565)	(80, 0.5629485705165427)	(82, 0.5739249984558481)	(84, 0.5872783046638343)	(86, 0.6013123275163827)	(88, 0.6136399524042921)	(90, 0.6276391716990735)	(92, 0.6414705150093312)	(94, 0.6603074288337363)	(96, 0.6756517032728099)	(98, 0.6891544600523842)	(100, 0.7014575177230464)	(102, 0.7141833362571735)	(104, 0.726240721755362)	(106, 0.7390904000097778)	(108, 0.7523280355698911)	(110, 0.7631069021371657)	(112, 0.7740086047906769)	(114, 0.7852081849533123)	(116, 0.7951538134022809)	(118, 0.8066103257119616)	(120, 0.8176747861797364)	(122, 0.8273399388984646)	(124, 0.8380625055928805)	(126, 0.8497472882961511)	(128, 0.8612048242398836)	(130, 0.8738661538287362)	(132, 0.8876719062876947)	(134, 0.9001755962325435)	(136, 0.9118798279828015)	(138, 0.9227078289845708)
SRR16975755 - illumina_universal_adapter	(1, 3.0709021559186694e-05)	(2, 4.5039898286807155e-05)	(3, 0.00010441067330123476)	(4, 0.00023953036816165622)	(5, 0.00027842846213662606)	(6, 0.00032756289663132473)	(7, 0.00036031918629445724)	(8, 0.0004299263018286137)	(9, 0.0005445733156495773)	(10, 0.000743158321732318)	(12, 0.0009959959325696217)	(14, 0.0012959207097976784)	(16, 0.001596869121077708)	(18, 0.001954117405216247)	(20, 0.002342074710913972)	(22, 0.002805780936457691)	(24, 0.003260274455533654)	(26, 0.0037045316340898883)	(28, 0.0041835923704132)	(30, 0.004658558570528621)	(32, 0.005213368226697928)	(34, 0.005691405328969267)	(36, 0.006228813206255035)	(38, 0.006772362887852639)	(40, 0.007331267080229837)	(42, 0.007845131374320228)	(44, 0.008502304435686822)	(46, 0.009269006340614517)	(48, 0.009880115869642332)	(50, 0.010512721713761579)	(52, 0.011216981941518926)	(54, 0.011953998458939408)	(56, 0.012667471393164511)	(58, 0.013560080286484873)	(60, 0.01444552374144142)	(62, 0.015308447247254567)	(64, 0.016299325009564325)	(66, 0.01734650264473259)	(68, 0.01854108358338495)	(70, 0.019761255373336638)	(72, 0.021202532118514465)	(74, 0.022807590312007957)	(76, 0.024425955748177096)	(78, 0.02637904951934137)	(80, 0.028584980901342948)	(82, 0.03125768941104416)	(84, 0.03433575700532664)	(86, 0.03794816157473897)	(88, 0.04212049397058047)	(90, 0.04711173360800028)	(92, 0.05310101644609366)	(94, 0.05994196281542848)	(96, 0.06816174425277079)	(98, 0.0778504405546942)	(100, 0.09044523393016862)	(102, 0.10608124407405452)	(104, 0.12099866311345545)	(106, 0.1375651566105847)	(108, 0.15601718403144801)	(110, 0.17672427726880757)	(112, 0.20011329172233616)	(114, 0.22657525559988734)	(116, 0.25615827970190386)	(118, 0.2891223670775868)	(120, 0.32535696524932317)	(122, 0.3650811319042351)	(124, 0.40947614073829935)	(126, 0.4578326133534987)	(128, 0.5104484272589571)	(130, 0.5685437542446266)	(132, 0.6308134608942414)	(134, 0.6988175655030084)	(136, 0.772949143546885)	(138, 0.8534037091297982)
SRR16975755 - polya	(1, 0.0020841189298168037)	(2, 0.007243234551760168)	(3, 0.008942467078035166)	(4, 0.012428964659054829)	(5, 0.014296073169853379)	(6, 0.015864280537475847)	(7, 0.017737530852586236)	(8, 0.0243993412628258)	(9, 0.034482136674758766)	(10, 0.04410736766545985)	(12, 0.04962373157154175)	(14, 0.059712668787786555)	(16, 0.07437929748445413)	(18, 0.08324601564264329)	(20, 0.09180359631713665)	(22, 0.10143394547809759)	(24, 0.10916954800885673)	(26, 0.11892170962200244)	(28, 0.12722031088134667)	(30, 0.13494362980348212)	(32, 0.14241001657857238)	(34, 0.15003609026577042)	(36, 0.15834902240184223)	(38, 0.16588808719462259)	(40, 0.17600056799406277)	(42, 0.1841405059753512)	(44, 0.19357738830048926)	(46, 0.20492846630281664)	(48, 0.2153930772161355)	(50, 0.2255413852073947)	(52, 0.23704396104941408)	(54, 0.2537066761474288)	(56, 0.2651621648230574)	(58, 0.27606591474467257)	(60, 0.2863176097751811)	(62, 0.29573606668738367)	(64, 0.30679950352110663)	(66, 0.3193144534405272)	(68, 0.33045875736435604)	(70, 0.34438734590955117)	(72, 0.35894546939670957)	(74, 0.3700989860270062)	(76, 0.3859141321299874)	(78, 0.39953051228933073)	(80, 0.40931235928998366)	(82, 0.4205109158185671)	(84, 0.4378144258331168)	(86, 0.45617330255525057)	(88, 0.4675878458688003)	(90, 0.4795868842260265)	(92, 0.4908171734102211)	(94, 0.5054643530599012)	(96, 0.5167478712147984)	(98, 0.5257507327018999)	(100, 0.5348528866920428)	(102, 0.5440543331852271)	(104, 0.5541606721803555)	(106, 0.5641615768681306)	(108, 0.5758095087455302)	(110, 0.5861123854786372)	(112, 0.5950804434079717)	(114, 0.6047220525435044)	(116, 0.6153791066585941)	(118, 0.6263596291341074)	(120, 0.6362069887140865)	(122, 0.6460154502000908)	(124, 0.6579919686081735)	(126, 0.672324892603898)	(128, 0.6847159828030298)	(130, 0.6979167675372722)	(132, 0.7120224447734587)	(134, 0.7249243283645249)	(136, 0.7364105260617126)	(138, 0.7470174221082557)
SRR16975756 - illumina_universal_adapter	(1, 1.9111208043158307e-05)	(2, 3.440017447768495e-05)	(3, 9.36449194114757e-05)	(4, 0.00021786777169200468)	(5, 0.0002446234629524263)	(6, 0.0002752013958214796)	(7, 0.00030004596627758543)	(8, 0.0003459128655811653)	(9, 0.00041662433534085105)	(10, 0.0005446694292300118)	(12, 0.0007510704760961215)	(14, 0.0010109829054830745)	(16, 0.0012842731805002383)	(18, 0.0015575634555174019)	(20, 0.0018470982573712503)	(22, 0.0021366330592250985)	(24, 0.0023850787637861564)	(26, 0.0026373467099558463)	(28, 0.002886747974919062)	(30, 0.003114171350632646)	(32, 0.003419950679323179)	(34, 0.0036502407362432364)	(36, 0.0038853085951740837)	(38, 0.004087887400431561)	(40, 0.0043181774573516195)	(42, 0.004551334195478151)	(44, 0.0048360911953212096)	(46, 0.005168626215272164)	(48, 0.005412294117822432)	(50, 0.005696095557263333)	(52, 0.006030541698018603)	(54, 0.006397476892447243)	(56, 0.006713767385561513)	(58, 0.0071265694792937324)	(60, 0.0076349276132417435)	(62, 0.008042951904963173)	(64, 0.008547487797302553)	(66, 0.009100757270151985)	(68, 0.009733338256380526)	(70, 0.010408919460706172)	(72, 0.011162856618008768)	(74, 0.012026683221559522)	(76, 0.013146600012888598)	(78, 0.01450254022355068)	(80, 0.01605245919585082)	(82, 0.01784413494989691)	(84, 0.02002567934802343)	(86, 0.022654426014359855)	(88, 0.02574661947574287)	(90, 0.029310859775791894)	(92, 0.03366534852842551)	(94, 0.038638084861255306)	(96, 0.044648559790828594)	(98, 0.05180092940098059)	(100, 0.06138615579502664)	(102, 0.07363261790908249)	(104, 0.08431864988641444)	(106, 0.09657562316489403)	(108, 0.11049144930151975)	(110, 0.12598299454130388)	(112, 0.14358537270945482)	(114, 0.1631839165577137)	(116, 0.1855115409145355)	(118, 0.20940437321009203)	(120, 0.23613999770206834)	(122, 0.2660939496285125)	(124, 0.2993722961940641)	(126, 0.335884259160518)	(128, 0.3746456113136517)	(130, 0.4187590572792719)	(132, 0.46598476347472034)	(134, 0.5178850711575254)	(136, 0.5739124442172503)	(138, 0.6344921070328557)
SRR16975756 - polya	(1, 0.0012880954221088697)	(2, 0.010195829491024957)	(3, 0.014925853481706637)	(4, 0.02146570887407541)	(5, 0.02465919173808716)	(6, 0.02713027093806753)	(7, 0.030608510801922343)	(8, 0.03758601285847944)	(9, 0.051458838777008055)	(10, 0.06878028218692459)	(12, 0.07838079754740515)	(14, 0.0924141576134963)	(16, 0.10888993006750308)	(18, 0.12232033151983257)	(20, 0.13909614994011693)	(22, 0.1598451885125739)	(24, 0.1780963921937901)	(26, 0.1975888688374094)	(28, 0.21580853902535438)	(30, 0.23123223947658528)	(32, 0.24570515732766907)	(34, 0.25937349332013593)	(36, 0.2711507752767322)	(38, 0.28344023760888515)	(40, 0.29621034682332353)	(42, 0.3088466775814598)	(44, 0.32233727933912526)	(46, 0.3366276851533969)	(48, 0.34923917134107707)	(50, 0.3612228543445395)	(52, 0.37624235274565754)	(54, 0.39223461163617246)	(56, 0.40539076725308265)	(58, 0.4170237595889531)	(60, 0.4277097915662851)	(62, 0.4386547804126018)	(64, 0.4512309108654021)	(66, 0.4638567304591147)	(68, 0.4768905743445486)	(70, 0.4916855160511596)	(72, 0.5074675516531997)	(74, 0.5205549069211546)	(76, 0.535140580899693)	(78, 0.5484993153218607)	(80, 0.5589483683194575)	(82, 0.5700061132932288)	(84, 0.5834728260408404)	(86, 0.5974746526136603)	(88, 0.6098826044356809)	(90, 0.6237812304850676)	(92, 0.6372211875414188)	(94, 0.6554762134642436)	(96, 0.6700838653320316)	(98, 0.6831415982275195)	(100, 0.6951443924390251)	(102, 0.7081734585224484)	(104, 0.7197882952106778)	(106, 0.7323586923010651)	(108, 0.7457460935352975)	(110, 0.7564646145663029)	(112, 0.7676742936440174)	(114, 0.7790129733760232)	(116, 0.7889183125047922)	(118, 0.7999024793275973)	(120, 0.810428932717769)	(122, 0.8199319809172294)	(124, 0.8306113239717463)	(126, 0.842246227428421)	(128, 0.8541458211164936)	(130, 0.8669952418443111)	(132, 0.8804839324811722)	(134, 0.8929129066320403)	(136, 0.9046385883269199)	(138, 0.9158262895153848)
SRR16975757 - illumina_universal_adapter	(1, 1.3377845630210814e-05)	(2, 2.2933449651789966e-05)	(3, 8.408931538989655e-05)	(4, 0.00021595665088768886)	(5, 0.00023889010053947883)	(6, 0.00026564579179990045)	(7, 0.00028475699984305877)	(8, 0.0003306238991466387)	(9, 0.00041089097292790357)	(10, 0.0005418027480235379)	(12, 0.0007558482781069109)	(14, 0.0010415608383521277)	(16, 0.0013358734422167656)	(18, 0.0016502528145267196)	(20, 0.0019846989552819902)	(22, 0.0023497230289063137)	(24, 0.002742458354193217)	(26, 0.003213549632457069)	(28, 0.003738152293241765)	(30, 0.004276132799656671)	(32, 0.004883869215429105)	(34, 0.005394138470181432)	(36, 0.005975119194693445)	(38, 0.006550366556792509)	(40, 0.007195369828249102)	(42, 0.00781935077085822)	(44, 0.008526465468455077)	(46, 0.009274669263344727)	(48, 0.009892916843540897)	(50, 0.0105512979606277)	(52, 0.011249812614605137)	(54, 0.012015216496733627)	(56, 0.012764375852025433)	(58, 0.013648269224021504)	(60, 0.014558918287277997)	(62, 0.015391211397557543)	(64, 0.01636779412856293)	(66, 0.017430377295762533)	(68, 0.018579916459558504)	(70, 0.019753344633408425)	(72, 0.02104908453873456)	(74, 0.02244802496749375)	(76, 0.02406865540955357)	(78, 0.025937731556174452)	(80, 0.02803709775971539)	(82, 0.03027979802358002)	(84, 0.03299932292812145)	(86, 0.036132605486797253)	(88, 0.03973793488413907)	(90, 0.04383728900939653)	(92, 0.048681980248337156)	(94, 0.05414396350707179)	(96, 0.060700063426277255)	(98, 0.06826332400935715)	(100, 0.07831104163804763)	(102, 0.09113752891621332)	(104, 0.102330007906689)	(106, 0.11504182793659573)	(108, 0.12932841150925872)	(110, 0.1452318032823729)	(112, 0.16320493888656112)	(114, 0.1831761512916616)	(116, 0.20581337721878257)	(118, 0.22997854422895408)	(120, 0.2569989257207735)	(122, 0.28715450089207295)	(124, 0.32061344837363237)	(126, 0.35708145556158705)	(128, 0.39585905224155743)	(130, 0.43986356432133156)	(132, 0.4869019806779571)	(134, 0.538456375495181)	(136, 0.5939457680484911)	(138, 0.653868960867814)
SRR16975757 - polya	(1, 0.002515034978479633)	(2, 0.007543193814634583)	(3, 0.00928231374656199)	(4, 0.01284846516741533)	(5, 0.014883808824011689)	(6, 0.016343905118508983)	(7, 0.018379248775105342)	(8, 0.024827370368866956)	(9, 0.03474035398085317)	(10, 0.04425200222393306)	(12, 0.04972354108668928)	(14, 0.059948992950181135)	(16, 0.0749923803613532)	(18, 0.08410651547713538)	(20, 0.092847982036076)	(22, 0.10240071937644868)	(24, 0.11028409269425149)	(26, 0.11969540709510479)	(28, 0.12790940431205422)	(30, 0.1356819326232067)	(32, 0.14306554785068093)	(34, 0.15068900873909677)	(36, 0.15882751668427575)	(38, 0.16659622275381958)	(40, 0.1768044745300726)	(42, 0.18513982791809608)	(44, 0.19481678811074932)	(46, 0.20622713487291697)	(48, 0.21671918808861088)	(50, 0.2268548172742999)	(52, 0.23807214083523165)	(54, 0.25462435812141104)	(56, 0.2662936617525635)	(58, 0.2767704260018229)	(60, 0.2865639645635394)	(62, 0.2957555000718963)	(64, 0.3068285340121023)	(66, 0.31872526101896836)	(68, 0.3294504709727888)	(70, 0.3432153185658735)	(72, 0.35754394679623147)	(74, 0.368336045978203)	(76, 0.3832284548458341)	(78, 0.39597467505021855)	(80, 0.405967925735986)	(82, 0.416866092122597)	(84, 0.4337460666267166)	(86, 0.4516742908920034)	(88, 0.46289257001333733)	(90, 0.4750119425939062)	(92, 0.4858900422120719)	(94, 0.5006649171502375)	(96, 0.5115487501308162)	(98, 0.5205291067902963)	(100, 0.5295113745705806)	(102, 0.5387506880990456)	(104, 0.5484008926004384)	(106, 0.5580510971018311)	(108, 0.5697605342698743)	(110, 0.5802716986936114)	(112, 0.5894297895878928)	(114, 0.5989366600289618)	(116, 0.6094010019929932)	(118, 0.6203803910137877)	(120, 0.6299952397803006)	(122, 0.6395584882850971)	(124, 0.6514036150302465)	(126, 0.6651436180528751)	(128, 0.6771741235160433)	(130, 0.6901802561498147)	(132, 0.7042164828971124)	(134, 0.7172503267825463)	(136, 0.7283290940851652)	(138, 0.7386682576365139)
SRR16975758 - illumina_universal_adapter	(1, 2.22095860894336e-05)	(2, 3.6342959055436804e-05)	(3, 5.4514438583155206e-05)	(4, 8.88383443577344e-05)	(5, 9.89336107620224e-05)	(6, 0.000131238463255744)	(7, 0.0001473908895026048)	(8, 0.00017161952887289602)	(9, 0.00020796248792833281)	(10, 0.00028165793267963523)	(12, 0.0003876582299246592)	(14, 0.000540096752629408)	(16, 0.0006985924351767296)	(18, 0.0008399261648367616)	(20, 0.0009752027346542208)	(22, 0.0011629746897739777)	(24, 0.001322479898961728)	(26, 0.0015132804340027713)	(28, 0.001671776116550093)	(30, 0.0018494528052655618)	(32, 0.002079624879283328)	(34, 0.002257301567998797)	(36, 0.002469302162488845)	(38, 0.0026520264844064577)	(40, 0.002863017552256077)	(42, 0.0030841038865099843)	(44, 0.0033748475589534784)	(46, 0.0038190392807421506)	(48, 0.004049211354759917)	(50, 0.004313707334552263)	(52, 0.004611517693478759)	(54, 0.004961823437707553)	(56, 0.005280833856083053)	(58, 0.005695749305299289)	(60, 0.006162150613177396)	(62, 0.006581104168955348)	(64, 0.007016210150980161)	(66, 0.00752097347119456)	(68, 0.008128708508732697)	(70, 0.008684957687608966)	(72, 0.009420902608481562)	(74, 0.010232562027386318)	(76, 0.011084602511908225)	(78, 0.012081005306011451)	(80, 0.013263161001953575)	(82, 0.014689622144879469)	(84, 0.016341207728620986)	(86, 0.018326946630344437)	(88, 0.02081643932564186)	(90, 0.02351389450886761)	(92, 0.026548531589996587)	(94, 0.02992236962230963)	(96, 0.03398066671683341)	(98, 0.038532622338526876)	(100, 0.04501378337007977)	(102, 0.05423479970375643)	(104, 0.06062914144423245)	(106, 0.06742729384087998)	(108, 0.07508556293517286)	(110, 0.08357265340125779)	(112, 0.09284111748703461)	(114, 0.10294546963108646)	(116, 0.11391195752606452)	(118, 0.12575976217813692)	(120, 0.13886341797090274)	(122, 0.15308058164806154)	(124, 0.16889986410358082)	(126, 0.18603960740478098)	(128, 0.2037951619566427)	(130, 0.22384940866876085)	(132, 0.24504946811776565)	(134, 0.2678011700131095)	(136, 0.2917178656515082)	(138, 0.3179473868231293)
SRR16975758 - polya	(1, 0.001257870193974285)	(2, 0.01081808747883502)	(3, 0.015607281861029249)	(4, 0.0222620814747359)	(5, 0.025581405068465794)	(6, 0.02805878344407807)	(7, 0.031789993907102916)	(8, 0.038838508910576795)	(9, 0.05306475832749945)	(10, 0.07054471210652413)	(12, 0.07993330986251196)	(14, 0.09411110200069403)	(16, 0.1107743487276118)	(18, 0.12426768180358314)	(20, 0.14042717473692695)	(22, 0.16143441459760985)	(24, 0.180346886679403)	(26, 0.2002678758749845)	(28, 0.21936711038525697)	(30, 0.23507332585704824)	(32, 0.24977203374169155)	(34, 0.26373277765218145)	(36, 0.27542006756842563)	(38, 0.2878301785592169)	(40, 0.3007965387288844)	(42, 0.3127866866372573)	(44, 0.32623055290784764)	(46, 0.3404204593657148)	(48, 0.35295373260663837)	(50, 0.364627898676557)	(52, 0.37837058483271424)	(54, 0.39410910515699926)	(56, 0.4069997508286346)	(58, 0.41876477429619186)	(60, 0.42966362390626117)	(62, 0.44046353990556847)	(64, 0.4531230039765456)	(66, 0.46510608519843544)	(68, 0.47829151264907604)	(70, 0.4934364313087889)	(72, 0.5089740558316285)	(74, 0.521848549077017)	(76, 0.5364715424636283)	(78, 0.5498356561296247)	(80, 0.5603256474503203)	(82, 0.5711588778287617)	(84, 0.5848167637471231)	(86, 0.5985160402577419)	(88, 0.6108171223713668)	(90, 0.6245517323144005)	(92, 0.6379118078738353)	(94, 0.6560186776965663)	(96, 0.6709566433949912)	(98, 0.6839654036835567)	(100, 0.695984827864502)	(102, 0.7085090153656617)	(104, 0.7197743231462068)	(106, 0.7321652531308298)	(108, 0.745215404011653)	(110, 0.7560748820827455)	(112, 0.7670201699182746)	(114, 0.7783844113095816)	(116, 0.7882515246931326)	(118, 0.7994845276211839)	(120, 0.8103500628521192)	(122, 0.8196518413170301)	(124, 0.8302377376685665)	(126, 0.8420078087693259)	(128, 0.853951518452239)	(130, 0.8668330783841105)	(132, 0.8806615743047042)	(134, 0.8932806573100642)	(136, 0.905016404505049)	(138, 0.9159011207421524)
SRR16975759 - illumina_universal_adapter	(1, 2.22095860894336e-05)	(2, 3.6342959055436804e-05)	(3, 5.4514438583155206e-05)	(4, 9.48955042003072e-05)	(5, 0.00010297171732373761)	(6, 0.0001352765698174592)	(7, 0.00015142899606432)	(8, 0.000181714795277184)	(9, 0.00023017207401776642)	(10, 0.0003139627851733568)	(12, 0.0004351059820248128)	(14, 0.0006218684105041409)	(16, 0.0008318499517133313)	(18, 0.0010993745114269632)	(20, 0.0013467085383320194)	(22, 0.001711147655526816)	(24, 0.002191682336370925)	(26, 0.0027398553021237633)	(28, 0.003251685308821165)	(30, 0.00397955401657033)	(32, 0.004713479884162068)	(34, 0.00541812947918137)	(36, 0.006224741264883982)	(38, 0.00705861026987817)	(40, 0.007909641227759648)	(42, 0.0087596626590007)	(44, 0.00978433219903593)	(46, 0.010975573634741914)	(48, 0.011999233648136718)	(50, 0.012948188690139788)	(52, 0.013926420004715296)	(54, 0.01496623244435696)	(56, 0.015983835297909192)	(58, 0.017212429219311043)	(60, 0.018531880538351482)	(62, 0.01983013179794292)	(64, 0.021144535483781216)	(66, 0.022643682544817988)	(68, 0.024206429784201768)	(70, 0.025655100513217097)	(72, 0.027313752783441614)	(74, 0.02901480517256414)	(76, 0.030720905194888813)	(78, 0.032721786996218694)	(80, 0.03481049761526588)	(82, 0.037121304095207405)	(84, 0.03962593969011126)	(86, 0.04245160475667147)	(88, 0.04588197628084853)	(90, 0.04947488159413463)	(92, 0.053456454663985825)	(94, 0.05769949513370807)	(96, 0.06270270916367321)	(98, 0.06818746740112287)	(100, 0.07562162158124056)	(102, 0.08596926964563575)	(104, 0.09318536607142082)	(106, 0.10084767327227541)	(108, 0.10927419213993461)	(110, 0.11859010397781158)	(112, 0.1285985510910227)	(114, 0.13957109614584334)	(116, 0.15142899606432)	(118, 0.1640087075307033)	(120, 0.177837203451297)	(122, 0.1926923879652068)	(124, 0.20916887226364522)	(126, 0.22688101716996853)	(128, 0.24526247823889613)	(130, 0.2658053358449818)	(132, 0.28748189186826895)	(134, 0.31072826181742297)	(136, 0.335036653792308)	(138, 0.3614398135460829)
SRR16975759 - polya	(1, 0.002008958014453312)	(2, 0.007032362577227022)	(3, 0.008879796329211726)	(4, 0.01220719613606505)	(5, 0.013994058289624026)	(6, 0.015621415233995252)	(7, 0.017757573605142594)	(8, 0.024511306829611265)	(9, 0.034602535127337554)	(10, 0.0440930950740087)	(12, 0.049564729465132795)	(14, 0.0603717121509231)	(16, 0.07575891720433887)	(18, 0.08480629495586178)	(20, 0.09385872034058683)	(22, 0.10356329993502889)	(24, 0.11127305488798364)	(26, 0.1209392724700894)	(28, 0.1294616963685893)	(30, 0.13754295712522185)	(32, 0.14516185468053802)	(34, 0.15294732413152493)	(36, 0.16109723269970663)	(38, 0.16872622552142708)	(40, 0.17900219719435184)	(42, 0.1874044874226407)	(44, 0.1975159062531756)	(46, 0.20927689161417112)	(48, 0.2196528064244983)	(50, 0.22960169146592413)	(52, 0.2412516288964725)	(54, 0.25837824835134704)	(56, 0.26993631885761643)	(58, 0.2808957400661115)	(60, 0.29086279658706504)	(62, 0.3001211654064375)	(64, 0.31097054821112585)	(66, 0.3227910956439067)	(68, 0.33371821199990803)	(70, 0.34738922176459486)	(72, 0.36162253786800047)	(74, 0.37265767357452767)	(76, 0.38758958211311006)	(78, 0.4006054090881586)	(80, 0.4103564269080604)	(82, 0.42180042090396125)	(84, 0.43976393794375135)	(86, 0.45856334304181645)	(88, 0.46957324058233296)	(90, 0.48154319795789724)	(92, 0.4926500100558948)	(94, 0.507435537231615)	(96, 0.5182293960710798)	(98, 0.5271455353593469)	(100, 0.5362948753015532)	(102, 0.5456703492112154)	(104, 0.5551245661988311)	(106, 0.5647877552010157)	(108, 0.5763680352933744)	(110, 0.5866894356651184)	(112, 0.5958953090991886)	(114, 0.6054726883369367)	(116, 0.6161686230922798)	(118, 0.6272239493316156)	(120, 0.6370385673298644)	(122, 0.6467391088177448)	(124, 0.6586626279678494)	(126, 0.6728030676203356)	(128, 0.6848002822151914)	(130, 0.6977767376512631)	(132, 0.7121604732240927)	(134, 0.7252217288979605)	(136, 0.736657646680738)	(138, 0.7473667052824067)
SRR16975760 - illumina_universal_adapter	(1, 2.69236438728854e-05)	(2, 3.8141828819920986e-05)	(3, 9.872002753391313e-05)	(4, 0.00021987642496189744)	(5, 0.0002602618907712255)	(6, 0.000307378267548775)	(7, 0.0003343019114216604)	(8, 0.00037917465120980274)	(9, 0.00046892013078608737)	(10, 0.0006270965385392891)	(12, 0.000817805682638894)	(14, 0.0010870421213677482)	(16, 0.0013506694676230842)	(18, 0.0015963477179631634)	(20, 0.0018308077833562072)	(22, 0.0020809733076751005)	(24, 0.0023232861025310695)	(26, 0.002537553435019449)	(28, 0.0027372371270766825)	(30, 0.002911118993755734)	(32, 0.003122020870760003)	(34, 0.003294780918944351)	(36, 0.003535971895305616)	(38, 0.0037446301353204776)	(40, 0.003948801101356526)	(42, 0.004193357533201901)	(44, 0.004393041225259135)	(46, 0.0046510594790409535)	(48, 0.004887763181423404)	(50, 0.005202994178435104)	(52, 0.005507006990499767)	(54, 0.0058525270868684635)	(56, 0.006187950816784828)	(58, 0.006550298190574077)	(60, 0.006978832855550836)	(62, 0.007444387530852813)	(64, 0.008053534973476845)	(66, 0.00872326061481487)	(68, 0.009534335386485543)	(70, 0.010453104733647757)	(72, 0.011570435954372502)	(74, 0.012792096295104676)	(76, 0.014266165797145151)	(78, 0.01616652632717298)	(80, 0.01837426512474958)	(82, 0.021262947748611247)	(84, 0.024672154154015358)	(86, 0.028893557149584848)	(88, 0.03393613128327734)	(90, 0.040081452997263435)	(92, 0.04759314963779847)	(94, 0.056351186625949144)	(96, 0.06664387131485429)	(98, 0.07912522388692608)	(100, 0.09342840969439645)	(102, 0.10998196340224214)	(104, 0.1289137723188594)	(106, 0.15124356945593373)	(108, 0.17585402359274038)	(110, 0.203473194932342)	(112, 0.23438265991690915)	(114, 0.26873722949871093)	(116, 0.3077495894705219)	(118, 0.3506423196155124)	(120, 0.3983005347260037)	(122, 0.4512369058540752)	(124, 0.5097173039829717)	(126, 0.5730383489165141)	(128, 0.6429624175098816)	(130, 0.7198541007738528)	(132, 0.8037616369037002)	(134, 0.8952436915097859)	(136, 0.9943552336983505)	(138, 1.1026140838927283)
SRR16975760 - polya	(1, 0.0009445711725403961)	(2, 0.010246690130622302)	(3, 0.0148169786780446)	(4, 0.02132801322130405)	(5, 0.024614941410785476)	(6, 0.027029094811387534)	(7, 0.03061442672046011)	(8, 0.03734758132567086)	(9, 0.05111678152966234)	(10, 0.06789021166246995)	(12, 0.07707566149710268)	(14, 0.09110287995487598)	(16, 0.10799746648511156)	(18, 0.12166682484307442)	(20, 0.13766171294055773)	(22, 0.15789707494802052)	(24, 0.17569696900348192)	(26, 0.19492942527667972)	(28, 0.21298172849344937)	(30, 0.22803765451086583)	(32, 0.24232625667790503)	(34, 0.25595298593306914)	(36, 0.26780163287412817)	(38, 0.27978041076057275)	(40, 0.29217313967156294)	(42, 0.30411489754768234)	(44, 0.31764178495681783)	(46, 0.33132123968123306)	(48, 0.34357822855436415)	(50, 0.35510379176894846)	(52, 0.37043568513606195)	(54, 0.3864541314219341)	(56, 0.3993056840972581)	(58, 0.4105328435922513)	(60, 0.4210184810622455)	(62, 0.43162751856665704)	(64, 0.4437846655937595)	(66, 0.455922741706452)	(68, 0.4690816726493247)	(70, 0.48391660042328455)	(72, 0.499021886454468)	(74, 0.5116816081671977)	(76, 0.5259253375944487)	(78, 0.5390304212495757)	(80, 0.5493623695857954)	(82, 0.5600095489190269)	(84, 0.5733300217251369)	(86, 0.5868109145759897)	(88, 0.5983690105269204)	(90, 0.6118644870182042)	(92, 0.6252836798518482)	(94, 0.6436837468019759)	(96, 0.6582382199522598)	(98, 0.671195223566086)	(100, 0.6832390669252234)	(102, 0.6957608049631046)	(104, 0.7070160099204653)	(106, 0.718793982296358)	(108, 0.7318317568418027)	(110, 0.7423746070550268)	(112, 0.7535142647074331)	(114, 0.764171540407117)	(116, 0.7740098886056671)	(118, 0.7850598007784972)	(120, 0.7955947982622582)	(122, 0.804493062562247)	(124, 0.8144895871685502)	(126, 0.8259512067289365)	(128, 0.8370796461963959)	(130, 0.849430867823082)	(132, 0.8624540587280956)	(134, 0.874728996697142)	(136, 0.8862915799220517)	(138, 0.8968164810393604)
SRR16975761 - illumina_universal_adapter	(1, 2.9167280862292517e-05)	(2, 4.487273978814233e-05)	(3, 0.00010545093850213449)	(4, 0.00023109460990893303)	(5, 0.00027372371270766824)	(6, 0.0003208400894852177)	(7, 0.00033878918540047463)	(8, 0.00038141828819920984)	(9, 0.00046892013078608737)	(10, 0.0006270965385392891)	(12, 0.0008335111415647439)	(14, 0.0011543512310499616)	(16, 0.0014740695020404758)	(18, 0.0018308077833562072)	(20, 0.0021740842427354964)	(22, 0.002628420733090437)	(24, 0.0031478226961381846)	(26, 0.003709853761984667)	(28, 0.004371726673859767)	(30, 0.005058279592618345)	(32, 0.005803167073101507)	(34, 0.006554785464552891)	(36, 0.0073681038732129715)	(38, 0.008192640466820087)	(40, 0.009063171618710047)	(42, 0.00996847914393582)	(44, 0.010849106662278112)	(46, 0.011804896019765546)	(48, 0.012736005370369497)	(50, 0.013795002029369657)	(52, 0.014825953226002227)	(54, 0.015895046251454718)	(56, 0.017016864746158277)	(58, 0.018097175956557805)	(60, 0.01924703991362895)	(62, 0.020495623898234012)	(64, 0.02187658246521409)	(66, 0.02334840833026516)	(68, 0.024988506969521762)	(70, 0.02664879834168303)	(72, 0.02849643340245979)	(74, 0.03046073758668572)	(76, 0.03265164910684176)	(78, 0.035305871665310386)	(80, 0.03822372157003434)	(82, 0.04185168258190565)	(84, 0.04599455828284589)	(86, 0.05098104149180321)	(88, 0.05666866125995025)	(90, 0.06353419044753603)	(92, 0.07181994184941651)	(94, 0.08129369903718806)	(96, 0.09236156030593337)	(98, 0.10549244578643852)	(100, 0.12056407726278082)	(102, 0.1378939293689614)	(104, 0.15751004756734782)	(106, 0.18057800127393708)	(108, 0.20593895198370044)	(110, 0.23419082895431484)	(112, 0.26589454143313207)	(114, 0.3010456021461734)	(116, 0.3408824987115915)	(118, 0.3846558563749243)	(120, 0.4329905280377218)	(122, 0.48662915754347774)	(124, 0.5456278358169273)	(126, 0.6097913664399921)	(128, 0.6801024624140323)	(130, 0.7573363003188881)	(132, 0.8417307056754368)	(134, 0.933498823997672)	(136, 1.0330086117518564)	(138, 1.1416354184124966)
SRR16975761 - polya	(1, 0.0016647786461400807)	(2, 0.00684758009167052)	(3, 0.008597616943408071)	(4, 0.011884545132889498)	(5, 0.013807342032811396)	(6, 0.01528365517184128)	(7, 0.01713689932509156)	(8, 0.023609792039531088)	(9, 0.034103282238988175)	(10, 0.04374531220096526)	(12, 0.049106482787153564)	(14, 0.05968971846618693)	(16, 0.07485446087758962)	(18, 0.08365512696853905)	(20, 0.09269922767283914)	(22, 0.10238725219309908)	(24, 0.11004029796396675)	(26, 0.1195813642614205)	(28, 0.12811503755063047)	(30, 0.13621344526389545)	(32, 0.14359725459603428)	(34, 0.15118747853119857)	(36, 0.15926008441908535)	(38, 0.1667370046862846)	(40, 0.17707792757046198)	(42, 0.18528739531470262)	(44, 0.19487109071495512)	(46, 0.20656829215922912)	(48, 0.21720425330751356)	(50, 0.22739933978737947)	(52, 0.239295103105216)	(54, 0.2563007496664273)	(56, 0.26818192934383267)	(58, 0.2788593977764211)	(60, 0.2888828460265974)	(62, 0.29786300307669944)	(64, 0.308615633348433)	(66, 0.32092422587232045)	(68, 0.33208519807612613)	(70, 0.3455077563652542)	(72, 0.3600913967964005)	(74, 0.3713084599249414)	(76, 0.38643506050752413)	(78, 0.3996859805669626)	(80, 0.4099012597797332)	(82, 0.4210173592437507)	(84, 0.4381194821955065)	(86, 0.45625255634389483)	(88, 0.4674337212806052)	(90, 0.4801125139077448)	(92, 0.491460829800166)	(94, 0.5064909539922042)	(96, 0.5171527169658668)	(98, 0.525905144861544)	(100, 0.5350984474256397)	(102, 0.544289506352746)	(104, 0.553969678143543)	(106, 0.5634692371566927)	(108, 0.5748310148710504)	(110, 0.585280754149214)	(112, 0.5946198931176211)	(114, 0.604122817586255)	(116, 0.614726245998193)	(118, 0.6257997163594118)	(120, 0.6353553662972967)	(122, 0.6446653379848415)	(124, 0.6564276049018083)	(126, 0.670627583407766)	(128, 0.6826299194825993)	(130, 0.6955678521820154)	(132, 0.709904692544327)	(134, 0.7229705125521393)	(136, 0.7338959028720573)	(138, 0.744106694810849)
